80
80
80
0
0
0
0
0
0
0
0
80
0
0
0
0
0
0
0
0
0
0
60
90
90
0
0
0
0
0
0
0
0
0
0
0
0
30
0
0
0
0
0
0
0
0
0
0
0
0
40
50
0
0
0
0
0
0
0
50
50
0
0
0
0
0
0
10
0
0
0
0
0
0
0
10
0
0
0
0
0
0
0
110
120
0
0
0
0
30
0
0
0
0
0
0
120
0
0
0
0
0
0
0
0
120
120
0
0
0
0
0
0
0
0
120
120
0
0
0
0
0
0
0
200
10
0
80
100
100
0
0
0
0
0
0
0
0
0
0
0
0
0
0
0
0
0
0
0
0
0
0
0
0
20
0
0
0
0
0
0
0
10
0
0
0
0
0
0
0
0
0
200
20
40
0
0
0
0
0
0
0
0
0
0
0
0
0
0
480
240
280
90
0
0
0
0
0
0
0
0
0
0
0
0
0
120
0
0
0
0
0
0
0
0
0
0
0
0
0
0
0
0
0
0
0
0
0
0
0
0
0
0
0
0
0
0
0
0
0
0
0
0
0
0
0
0
0
0
0
0
0
0
0
0
0
0
0
0
0
0
0
0
0
0
0
0
0
0
0
0
0
0
0
90
10
20
90
10
0
20
20
0
0
0
0
0
0
0
10
110
0
0
0
0
0
0
0
0
0
0
0
0
0
0
50
30
20
0
10
